0.99867
0.99533
0.99400
0.99120
0.99240
0.99373
0.99333
0.99213
0.99307
0.99427
0.99360
0.99467
0.99240
0.99267
0.99280
0.99253
0.99227
0.99160
0.99347
0.99293
0.99293
0.99267
0.99280
0.99307
0.99267
0.99120
0.99240
0.99013
0.99067
0.99240
0.99187
0.99107
0.98960
0.99093
0.99080
0.99173
0.99173
0.99240
0.99200
0.99200
0.99120
0.99147
0.99120
0.98947
0.98973
0.99173
0.99213
0.99240
0.99200
0.99200
0.99067
0.99000
0.99133
0.99347
0.99107
0.99253
0.99347
0.99267
0.99160
0.99267
0.99253
0.99293
0.99373
0.99320
0.99253
0.99173
0.99227
0.99307
0.99320
0.99280
0.99267
0.99120
0.99187
0.99120
0.99027
0.98880
0.98947
0.98853
0.98867
0.98880
0.98920
0.98947
0.99120
0.99120
0.98987
0.99067
0.99267
0.99133
0.99067
0.99040
0.99000
0.98947
0.99080
0.99040
0.99373
0.99400
0.99400
0.99333
0.99200
0.99147
0.99213
0.99107
0.99040
0.99147
0.99160
0.99133
0.99160
0.99067
0.99093
0.99107
0.99267
0.99040
0.99173
0.99147
0.99227
0.99120
0.99000
0.99093
0.99027
0.98853
0.99013
0.99253
0.99133
0.99067
0.98880
0.98813
0.98920
0.98893
0.98867
0.98973
0.98987
0.98920
0.98933
0.98853
0.99013
0.98987
0.98853
0.98880
0.99107
0.99027
0.99133
0.99200
0.99120
0.99000
0.99080
0.99040
0.99080
0.99027
0.98987
0.98920
0.98880
0.98827
0.98707
0.98720
0.98787
0.98747
0.98720
0.98680
0.98680
0.98760
0.98800
0.98813
0.98800
0.98800
0.98813
0.98747
0.98693
0.98747
0.98747
0.98787
0.98680
0.98760
0.98587
0.98693
0.98573
0.98667
0.98653
0.98680
0.98840
0.98960
0.98960
0.98853
0.98880
0.98880
0.98840
0.98907
0.99107
0.99080
0.99093
0.98960
0.98867
0.98880
0.99013
0.98947
0.98987
0.98987
0.98987
0.99160
0.99107
0.99107
0.99227
0.99253
0.99200
0.99173
0.98960
0.98973
0.99107
0.99147
0.99213
0.99200
0.99280
0.99240
0.99293
0.99200
0.99133
0.99120
0.99173
0.99120
0.99240
0.99173
0.99213
0.99240
0.99240
0.99307
0.99173
0.99160
0.99187
0.99213
0.99253
0.99293
0.99240
0.99280
0.99333
0.99267
0.99320
0.99267
0.99467
0.99173
0.99333
0.99133
0.99267
0.99333
0.99440
0.99400
0.99413
0.99333
0.99240
0.99373
0.99360
0.99333
0.99400
0.99320
0.99253
0.99293
0.99320
0.99320
0.99280
0.99133
0.99253
0.99200
0.99240
0.99200
0.99160
0.99133
0.99120
0.99173
0.99200
0.99187
0.99187
0.99160
0.99187
0.99200
0.99107
0.99080
0.99200
0.99280
0.99400
0.99480
0.99520
0.99533
0.99480
0.99493
0.99533
0.99480
0.99387
0.99347
0.99440
0.99293
0.99253
0.99133
0.99213
0.99227
0.99187
0.99280
0.99187
0.99280
0.99320
0.99360
0.99400
0.99267
0.99293
0.99187
0.99080
0.99147
0.99227
0.99213
0.99147
0.99200
0.99200
0.99187
0.99160
0.99200
0.99107
0.99120
0.99187
0.99067
0.99160
0.99213
0.99147
0.99027
0.99293
0.99280
0.99213
0.99320
0.99293
0.99387
0.99413
0.99267
0.99280
0.99293
0.99307
0.99320
0.99387
0.99387
0.99480
0.99440
0.99427
0.99480
0.99427
0.99427
0.99320
0.99200
0.99200
0.99267
0.99240
0.99093
0.99213
0.99320
0.99427
0.99440
0.99333
0.99333
0.99187
0.99307
0.99373
0.99320
0.99253
0.99200
0.99053
0.99053
0.99173
0.99107
0.99107
0.99093
0.99187
0.99160
0.99173
0.99333
0.99133
0.99213
0.99253
0.99160
0.99427
0.99387
0.99213
0.99093
0.99067
0.99080
0.99040
0.98920
0.98987
0.99093
0.99120
0.99253
0.99067
0.98973
0.98987
0.99040
0.99253
0.99200
0.99027
0.99107
0.99093
0.99027
0.99200
0.99160
0.99133
0.99173
0.99040
0.99160
0.99240
0.99240
0.99253
0.99227
0.99240
0.99173
0.99133
0.99240
0.99053
0.98973
0.99027
0.99160
0.99133
0.99133
0.99133
0.99160
0.99067
0.99067
0.99133
0.99147
0.99173
0.99173
0.99200
0.99240
0.99133
0.99173
0.99187
0.99173
0.99053
0.99000
0.98853
0.98747
0.98840
0.98827
0.98747
0.98853
0.98907
0.98933
0.99013
0.99107
0.99040
0.99027
0.99000
0.99013
0.98973
0.98853
0.98800
0.98800
0.98933
0.98960
0.98760
0.98760
0.98907
0.98813
0.99000
0.98960
0.98880
0.98880
0.98907
0.98760
0.98653
0.98707
0.98973
0.98720
0.99040
0.99053
0.99133
0.99160
0.99067
0.99027
0.98947
0.99120
0.99187
0.99120
0.99147
0.99267
0.99227
0.99187
0.99240
0.99107
0.99053
0.98973
0.99147
0.99067
0.99040
0.99067
0.99107
0.98947
0.98747
0.98880
0.99067
0.99027
0.99160
0.99307
0.99173
0.99253
0.99147
0.99173
0.99053
0.99080
0.99093
0.99120
0.99093
0.99160
0.99173
0.99187
0.98960
0.98960
0.99107
0.99093
0.99107
0.99120
0.99067
0.99080
0.98973
0.99000
0.99093
0.99040
0.99000
0.99027
0.99013
0.99227
0.99133
0.99147
0.99013
0.99120
0.99267
0.99187
0.99093
0.99160
0.99160
0.99053
0.98987
0.99067
0.99080
0.99027
0.99080
0.98960
0.99027
0.98933
0.98920
0.98973
0.98880
0.98987
0.99080
0.99253
0.99307
0.99387
0.99307
0.99307
0.99307
0.99133
0.99133
0.99187
0.99107
0.99227
0.99280
0.99227
0.99267
0.99347
0.99387
0.99453
0.99360
0.99373
0.99307
0.99413
0.99493
0.99480
0.99333
0.99293
0.99360
0.99440
0.99347
0.99333
0.99293
0.99213
0.99173
0.99200
0.99213
0.99427
0.99413
0.99453
0.99347
0.99160
0.99187
0.99107
0.99107
0.99093
0.98987
0.98987
0.99040
0.99107
0.99000
0.99227
0.99240
0.99213
0.99240
0.99253
0.99147
0.99080
0.99120
0.99053
0.99053
0.99067
0.99147
0.99120
0.99080
0.99053
0.99160
0.99280
0.99307
0.99227
0.99280
0.99400
0.99480
0.99320
0.99280
0.99387
0.99253
0.99293
0.99320
0.99320
0.99253
0.99253
0.99413
0.99387
0.99453
0.99360
0.99200
0.99400
0.99173
0.99027
0.99160
0.99040
0.98973
0.99187
0.99320
0.99107
0.99160
0.99240
0.99147
0.99213
0.99200
0.99213
0.99027
0.98920
0.98947
0.99107
0.99240
0.99213
0.99133
0.99093
0.99160
0.99133
0.99147
0.99133
0.99133
0.99013
0.98973
0.99133
0.99173
0.99267
0.99240
0.99173
0.99213
0.99213
0.99240
0.99173
0.99200
0.99160
0.99040
0.99027
0.98987
0.99013
0.99080
0.99093
0.99227
0.99120
0.99347
0.99213
0.99227
0.99347
0.99280
0.99307
0.99053
0.99107
0.99227
0.99080
0.99187
0.99000
0.98987
0.99053
0.99107
0.99013
0.98973
0.98853
0.98893
0.98813
0.98920
0.98960
0.99027
0.98973
0.99040
0.99000
0.98853
0.98667
0.98853
0.99093
0.99160
0.99320
0.99267
0.99400
0.99267
0.99160
0.99107
0.99053
0.99067
0.99093
0.98987
0.99067
0.98973
0.98813
0.98893
0.98973
0.99200
0.99093
0.98960
0.98880
0.99027
0.98920
0.98933
0.98947
0.99147
0.99133
0.99147
0.99147
0.99187
0.99173
0.99133
0.99120
0.99160
0.99013
0.98987
0.99080
0.99187
0.99013
0.98933
0.99080
0.98907
0.98853
0.98880
0.98813
0.98920
0.98920
0.98747
0.98893
0.98920
0.98827
0.98840
0.98800
0.98907
0.98787
0.98653
0.98707
0.98533
0.98747
0.98693
0.98573
0.98520
0.98480
0.98573
0.98760
0.98627
0.98587
0.98413
0.98733
0.98627
0.98627
0.98613
0.98600
0.98413
0.98440
0.98373
0.98373
0.98533
0.98680
0.98520
0.98573
0.98453
0.98587
0.98533
0.98613
0.98587
0.98667
0.98613
0.98520
0.98413
0.98400
0.98360
0.98360
0.98453
0.98573
0.98533
0.98613
0.98653
0.98373
0.98373
0.98547
0.98507
0.98560
0.98560
0.98667
0.98533
0.98680
0.98760
0.98800
0.98667
0.98640
0.98627
0.98707
0.98493
0.98573
0.98440
0.98373
0.98520
0.98587
0.98507
0.98400
0.98227
0.98280
0.98293
0.98493
0.98560
0.98307
0.98373
0.98453
0.98373
0.98520
0.98280
0.98160
0.98000
0.97960
0.98000
0.98267
0.98240
0.98093
0.98013
0.98120
0.98133
0.97960
0.98053
0.98133
0.98360
0.98307
0.98373
0.98360
0.98307
0.98227
0.98147
0.98213
0.98347
0.98440
0.98507
0.98533
0.98653
0.98880
0.98987
0.98787
0.99040
0.99027
0.98840
0.98893
0.98840
0.98893
0.98867
0.98747
0.98733
0.98587
0.98707
0.98707
0.98787
0.98613
0.98747
0.98907
0.98747
0.98733
0.98920
0.98653
0.98747
0.98720
0.98800
0.98893
0.99040
0.99053
0.98973
0.98933
0.98720
0.98733
0.98720
0.98760
0.98720
0.98947
0.99040
0.98880
0.99013
0.99053
0.98907
0.99000
0.98947
0.98973
0.98947
0.98933
0.99187
0.99133
0.99147
0.98933
0.98893
0.98973
0.98880
0.98973
0.99080
0.98907
0.98907
0.98853
0.98960
0.99040
0.99107
0.99000
0.98920
0.98973
0.99147
0.99147
0.99147
0.99293
0.99253
0.99067
0.99213
0.99067
0.99093
0.99067
0.98973
0.99027
0.98960
0.98893
0.98693
0.98747
0.98693
0.98640
0.98747
0.98893
0.98840
0.98733
0.98760
0.98867
0.98933
0.99067
0.99067
0.98960
0.98973
0.98960
0.98880
0.98920
0.98853
0.98827
0.98840
0.98787
0.98907
0.98933
0.99013
0.99000
0.99067
0.98907
0.98853
0.98867
0.99067
0.99053
0.99013
0.99067
0.98933
0.98960
0.98973
0.99093
0.99053
0.99093
0.99027
0.98987
0.98987
0.99040
0.98947
0.98893
0.98893
0.99013
0.99053
0.98907
0.99000
0.99147
0.99093
0.99080
0.99013
0.99160
0.99173
0.99240
0.99067
0.99093
0.99280
0.99120
0.99227
0.99120
0.98987
0.99040
0.99067
0.98933
0.99053
0.99147
0.98933
0.98840
0.98853
0.98747
0.99000
0.99093
0.99093
0.99133
0.99120
0.99187
0.99133
0.99107
0.99293
0.99347
0.99293
0.99080
0.99147
0.99147
0.99280
0.99280
0.99267
0.99280
0.99200
0.99147
0.98947
0.98840
0.98853
0.98880
0.98973
0.98960
0.99013
0.99173
0.99067
0.99133
0.99107
0.99133
0.99227
0.99253
0.99227
0.99347
0.99320
0.99347
0.99400
0.99253
0.99280
0.99400
0.99253
0.99187
0.99213
0.99187
0.99173
0.99013
0.98693
0.98907
0.99093
0.99133
0.99107
0.99067
0.99000
0.99067
0.98973
0.99120
0.99133
0.99213
0.99133
0.99227
0.99227
0.99200
0.98920
0.98840
0.98907
0.98960
0.98733
0.99013
0.98947
0.99013
0.98973
0.99147
0.99133
0.98973
0.99187
0.99120
0.98893
0.98947
0.98800
0.98893
0.98840
0.98693
0.98680
0.98720
0.98893
0.99000
0.99040
0.99213
0.99227
0.99027
0.99080
0.99000
0.99173
0.99080
0.99013
0.99120
0.99227
0.99147
0.99080
0.99013
0.99120
0.99133
0.98973
0.99067
0.98987
0.99240
0.99160
0.99107
0.99147
0.99173
0.99187
0.99173
0.99200
0.99240
0.99160
0.99160
0.99213
0.99107
0.99107
0.99000
0.99120
0.99040
0.99200
0.99213
0.99200
0.99147
0.99053
0.99000
0.99080
0.99133
0.99213
0.99187
0.99227
0.99293
0.99093
0.99027
0.99093
0.99160
0.99027
0.98973
0.98867
0.98800
0.98907
0.98787
0.98627
0.98653
0.98733
0.98680
0.98707
0.98840
0.98960
0.98960
0.98907
0.99013
0.98853
0.98867
0.99000
0.98880
0.98867
0.99013
0.99027
0.98933
0.99067
0.99000
0.98840
0.98867
0.98787
0.98613
0.98600
0.98453
0.98613
0.98573
0.98587
0.98627
0.98587
0.98773
0.98613
0.98720
0.98680
0.98707
0.98800
0.98880
0.98827
0.98840
0.98987
0.98960
0.98853
0.98787
0.98693
0.98707
0.98813
0.98880
0.99000
0.98827
0.99000
0.98867
0.98787
0.98733
0.98627
0.98587
0.98653
0.98640
0.98693
0.98653
0.98707
0.98933
0.99053
0.98973
0.98773
0.99000
0.99040
0.99027
0.98840
0.98880
0.99040
0.99040
0.98973
0.98987
0.98813
0.98920
0.98907
0.98973
0.99000
0.98880
0.98813
0.98747
0.98960
0.98840
0.98733
0.98720
0.98827
0.98800
0.98760
0.98747
0.98693
0.98853
0.98933
0.98693
0.98800
0.98893
0.99213
0.98987
0.99013
0.99053
0.99013
0.99173
0.99320
0.99187
0.99027
0.98960
0.98947
0.98973
0.99013
0.99093
0.98920
0.98827
0.98920
0.98960
0.98893
0.98853
0.98827
0.98840
0.98853
0.98813
0.98920
0.98907
0.98760
0.98787
0.98907
0.98707
0.98760
0.98640
0.98973
0.99107
0.98853
0.98960
0.98893
0.99040
0.98933
0.98840
0.98800
0.98787
0.98893
0.98813
0.98800
0.98853
0.98973
0.99013
0.99013
0.98987
0.99053
0.99107
0.99093
0.99080
0.98853
0.98640
0.98667
0.98640
0.98787
0.98920
0.98747
0.98827
0.98693
0.98787
0.98987
0.98920
0.98733
0.98880
0.98813
0.98747
0.98693
0.98760
0.98667
0.98773
0.98773
0.98867
0.98747
0.98800
0.98640
0.98733
0.98787
0.98760
0.98787
0.98960
0.99040
0.99200
0.99107
0.99040
0.98973
0.98707
0.98840
0.98867
0.98813
0.98800
0.98827
0.98893
0.98947
0.98987
0.99147
0.99067
0.99027
0.99120
0.99133
0.99147
0.99120
0.99013
0.98907
0.98987
0.98920
0.99000
0.99000
0.99067
0.99027
0.98947
0.98787
0.98987
0.98773
0.98893
0.98960
0.98933
0.98960
0.99080
0.99120
0.99053
0.99227
0.99173
0.99213
0.99213
0.99160
0.99160
0.99227
0.99253
0.99173
0.99213
0.99053
0.99147
0.99173
0.99227
0.99320
0.99133
0.99187
0.99107
0.99053
0.99093
0.98907
0.99000
0.99080
0.99160
0.99040
0.98947
0.99080
0.98893
0.98907
0.98880
0.98907
0.98920
0.98933
0.98920
0.99093
0.99040
0.99133
0.99187
0.99067
0.99040
0.99120
0.99227
0.99173
0.99120
0.99213
0.99053
0.99253
0.99240
0.99267
0.99373
0.99387
0.99253
0.99213
0.99013
0.99027
0.99173
0.99147
0.99160
0.99040
0.99040
0.99013
0.99080
0.99107
0.99133
0.99093
0.99027
0.98933
0.99120
0.99053
0.99133
0.99267
0.99080
0.99000
0.99000
0.99093
0.99227
0.99173
0.99147
0.98973
0.98893
0.98880
0.99053
0.99133
0.99267
0.99187
0.99000
0.98947
0.99173
0.99107
0.99027
0.99040
0.98893
0.98893
0.98987
0.98987
0.98920
0.98947
0.98813
0.98813
0.98733
0.98640
0.98520
0.98573
0.98760
0.98667
0.98560
0.98680
