0.84733
0.84240
0.81667
0.79227
0.77867
0.77013
0.76000
0.75493
0.74640
0.73547
0.72973
0.73013
0.72147
0.72173
0.70973
0.70120
0.69973
0.69773
0.68373
0.68253
0.67760
0.67973
0.67253
0.67853
0.66867
0.67267
0.66480
0.66080
0.65347
0.64813
0.64413
0.64720
0.64320
0.63187
0.63200
0.62893
0.62573
0.62213
0.61720
0.61560
0.60920
0.61240
0.60013
0.59533
0.59293
0.58627
0.58640
0.58427
0.57827
0.57627
0.56520
0.56173
0.55187
0.55173
0.55573
0.54587
0.53773
0.53907
0.52493
0.53147
0.52907
0.53147
0.52120
0.51800
0.52120
0.51240
0.50333
0.50333
0.50213
0.50667
0.50307
0.50253
0.49613
0.49373
0.48747
0.48573
0.48880
0.48293
0.47720
0.47640
0.46707
0.47093
0.46120
0.46053
0.46013
0.45267
0.45093
0.45693
0.45453
0.44533
0.43853
0.44120
0.44987
0.44107
0.44267
0.43333
0.43213
0.43107
0.42640
0.42520
0.43160
0.43133
0.43040
0.41987
0.42707
0.42067
0.41773
0.42000
0.41587
0.41627
0.41107
0.41133
0.40813
0.41440
0.40533
0.40773
0.40720
0.40613
0.40133
0.39507
0.40027
0.39307
0.39667
0.39173
0.38507
0.39053
0.38640
0.38333
0.38173
0.38480
0.38213
0.37867
0.37573
0.38320
0.38200
0.38053
0.37280
0.37507
0.37467
0.36827
0.37000
0.37013
0.36867
0.36360
0.37107
0.36253
0.36747
0.36533
0.35720
0.35867
0.35787
0.35987
0.35520
0.35600
0.35253
0.35680
0.35853
0.35307
0.35173
0.35947
0.35000
0.34733
0.34413
0.34707
0.34960
0.34160
0.34187
0.34267
0.34107
0.34987
0.34320
0.34213
0.33173
0.33173
0.32707
0.33307
0.33880
0.33347
0.33733
0.33307
0.33333
0.33240
0.33013
0.32733
0.33453
0.33120
0.33213
0.32533
0.32480
0.32893
0.32173
0.32573
0.32373
0.32827
0.32200
0.32307
0.32053
0.32347
0.31920
0.31840
0.32013
0.31707
0.32227
0.31987
0.32253
0.31573
0.30787
0.31467
0.31280
0.31787
0.31947
0.31867
0.31467
0.31453
0.30667
0.30533
0.31173
0.31573
0.30707
0.30773
0.30840
0.30973
0.30453
0.30987
0.31360
0.30733
0.29613
0.30440
0.30747
0.30280
0.31040
0.30467
0.30613
0.30200
0.30320
0.29707
0.29507
0.29640
0.29933
0.29173
0.29987
0.29547
0.29213
0.29093
0.29347
0.29107
0.28760
0.29507
0.29693
0.29240
0.28640
0.29053
0.28800
0.28373
0.28427
0.28693
0.28587
0.28853
0.28280
0.29013
0.29160
0.28133
0.28133
0.27760
0.27747
0.27853
0.28000
0.28173
0.27493
0.28187
0.27947
0.27347
0.28160
0.28227
0.28053
0.28253
0.27960
0.27987
0.27853
0.27920
0.27307
0.27853
0.28187
0.28107
0.27520
0.27400
0.27213
0.26853
0.26947
0.27480
0.27480
0.27800
0.27880
0.27080
0.26973
0.27253
0.27680
0.26893
0.26973
0.26667
0.27307
0.26827
0.27787
0.27653
0.27720
0.26840
0.26853
0.27440
0.26347
0.26173
0.25920
0.26413
0.26320
0.26427
0.26787
0.27093
0.27040
0.26507
0.26293
0.26107
0.27000
0.27813
0.25840
0.26147
0.25947
0.26267
0.25680
0.25640
0.25400
0.25707
0.25827
0.26827
0.26720
0.26293
0.26373
0.25960
0.25347
0.25867
0.26613
0.25213
0.25333
0.25880
0.26533
0.25893
0.26587
0.25707
0.25960
0.25880
0.25280
0.25853
0.24813
0.25240
0.24560
0.25413
0.24867
0.25840
0.24693
0.25440
0.26000
0.25400
0.25067
0.25107
0.25147
0.25560
0.25107
0.25427
0.25307
0.25053
0.24960
0.24853
0.25187
0.24573
0.25280
0.25067
0.25067
0.24720
0.25187
0.24307
0.25013
0.24080
0.24387
0.24693
0.25253
0.26027
0.25747
0.25080
0.24987
0.24493
0.25400
0.23960
0.24440
0.24507
0.24613
0.24480
0.24493
0.24960
0.24707
0.24467
0.24747
0.24373
0.24787
0.24853
0.24267
0.23560
0.24680
0.24067
0.24320
0.24427
0.24107
0.24133
0.23880
0.24467
0.25147
0.24267
0.23893
0.24253
0.24840
0.24213
0.24587
0.23560
0.24427
0.24187
0.24707
0.24227
0.24027
0.23787
0.24853
0.23907
0.24440
0.25000
0.24480
0.24067
0.23653
0.24547
0.22987
0.23267
0.24547
0.23853
0.23453
0.23653
0.23747
0.24240
0.24347
0.24187
0.23920
0.24893
0.23987
0.24240
0.24493
0.23947
0.24867
0.24480
0.23907
0.24267
0.24200
0.23973
0.23920
0.24720
0.25080
0.23693
0.23747
0.24187
0.24040
0.23427
0.24067
0.23907
0.23760
0.23413
0.23253
0.24040
0.23840
0.24627
0.23720
0.23640
0.23587
0.24027
0.24493
0.24787
0.24000
0.24213
0.23613
0.23733
0.24133
0.24160
0.23920
0.23933
0.23307
0.24133
0.24013
0.22840
0.24013
0.23693
0.24240
0.24067
0.24107
0.23413
0.24027
0.24667
0.24000
0.23373
0.23840
0.23520
0.24013
0.23507
0.24173
0.24493
0.24147
0.23773
0.24387
0.23947
0.23387
0.23387
0.23347
0.23747
0.23587
0.23227
0.24200
0.24067
0.24107
0.24960
0.23573
0.23880
0.23733
0.23640
0.24280
0.23920
0.23133
0.23893
0.24120
0.23880
0.23987
0.24427
0.23360
0.23733
0.23707
0.22467
0.23760
0.23547
0.24653
0.23813
0.24587
0.24427
0.23040
0.24107
0.24120
0.23547
0.24040
0.23467
0.23280
0.24027
0.23840
0.23960
0.23747
0.24107
0.24427
0.23973
0.23693
0.24560
0.23827
0.24080
0.23787
0.24840
0.24413
0.23173
0.23587
0.23067
0.24387
0.23933
0.23800
0.24187
0.24440
0.24093
0.23907
0.24200
0.23960
0.23640
0.23533
0.24893
0.24827
0.23373
0.23867
0.25093
0.24200
0.24200
0.24000
0.23960
0.24827
0.24613
0.23587
0.24013
0.24013
0.24747
0.23960
0.24507
0.23653
0.23853
0.24280
0.25067
0.23227
0.24640
0.24027
0.23667
0.24280
0.25173
0.24867
0.24347
0.24427
0.24653
0.23827
0.24707
0.24093
0.24160
0.24773
0.25013
0.23720
0.24293
0.23827
0.23933
0.24373
0.24653
0.24520
0.23853
0.23867
0.24693
0.24240
0.23613
0.25160
0.24467
0.24387
0.24387
0.23960
0.24413
0.23893
0.24053
0.24213
0.23787
0.24893
0.24160
0.24000
0.24360
0.25000
0.24267
0.23840
0.25147
0.23880
0.24867
0.24920
0.24653
0.24507
0.24347
0.24613
0.23947
0.24480
0.24907
0.23920
0.24840
0.25160
0.24880
0.24747
0.24253
0.24360
0.24427
0.24013
0.24147
0.24587
0.24667
0.24720
0.25307
0.23480
0.23360
0.23973
0.24707
0.24480
0.24480
0.23960
0.24080
0.24427
0.24293
0.24227
0.25427
0.24493
0.24613
0.24107
0.24520
0.24600
0.24253
0.23880
0.23453
0.24880
0.24627
0.23680
0.24800
0.23627
0.23773
0.23853
0.24333
0.24880
0.23573
0.24120
0.24173
0.23333
0.23680
0.23093
0.24400
0.23667
0.23267
0.23987
0.24880
0.24320
0.23427
0.24400
0.24800
0.24867
0.24627
0.23827
0.23840
0.23267
0.24547
0.23973
0.24027
0.24653
0.24240
0.23227
0.23573
0.23867
0.25000
0.24173
0.23933
0.23520
0.23933
0.24920
0.24453
0.23267
0.24627
0.23227
0.24493
0.24053
0.24093
0.24480
0.24960
0.23747
0.23960
0.24427
0.23840
0.23773
0.23960
0.24333
0.24053
0.23907
0.23840
0.23813
0.23533
0.24373
0.23707
0.24573
0.24120
0.23307
0.24280
0.24920
0.23000
0.24067
0.23453
0.23600
0.23467
0.24067
0.23827
0.24320
0.23613
0.24133
0.24000
0.23867
0.22787
0.23720
0.24520
0.24747
0.24213
0.23693
0.23373
0.23333
0.23787
0.24053
0.24107
0.23253
0.22653
0.23600
0.23773
0.24853
0.23533
0.24267
0.23653
0.24400
0.23787
0.23133
0.23547
0.23853
0.23667
0.23467
0.24187
0.23533
0.24973
0.24187
0.24387
0.24200
0.23880
0.24440
0.23440
0.23587
0.23933
0.23307
0.24613
0.24280
0.24307
0.24853
0.23880
0.24120
0.23347
0.23653
0.24187
0.24200
0.25013
0.24027
0.23973
0.23973
0.24613
0.23840
0.23960
0.23560
0.23747
0.23213
0.23067
0.24107
0.23013
0.24080
0.23373
0.23707
0.23613
0.23147
0.23680
0.24200
0.23720
0.24453
0.24120
0.24160
0.22667
0.23187
0.23573
0.23040
0.24227
0.24373
0.23893
0.24400
0.23547
0.23653
0.23827
0.23373
0.24040
0.23827
0.23613
0.25013
0.23480
0.23347
0.24133
0.23573
0.23787
0.24240
0.23480
0.24027
0.24080
0.24347
0.23120
0.23893
0.23733
0.24453
0.24093
0.23360
0.24760
0.23133
0.24413
0.23120
0.23720
0.24053
0.22880
0.23680
0.23547
0.24160
0.24053
0.24067
0.23173
0.24453
0.23613
0.24040
0.23680
0.23667
0.24387
0.24133
0.23760
0.23813
0.23187
0.24560
0.24293
0.24067
0.23347
0.24653
0.24027
0.24053
0.23733
0.24227
0.23587
0.23760
0.23400
0.24227
0.24187
0.23080
0.24040
0.23000
0.24467
0.23053
0.24280
0.23893
0.23947
0.24000
0.23720
0.23973
0.24800
0.24147
0.23947
0.24693
0.24747
0.24200
0.24253
0.24213
0.23667
0.24360
0.24240
0.24040
0.23640
0.23813
0.23307
0.23533
0.23840
0.24827
0.23827
0.24067
0.23347
0.23653
0.24067
0.24587
0.23253
0.24440
0.24867
0.23400
0.23747
0.24307
0.24227
0.24387
0.23413
0.23253
0.24360
0.23747
0.23320
0.24333
0.24467
0.23427
0.24400
0.23467
0.23453
0.23480
0.23213
0.24347
0.24253
0.24427
0.23707
0.25187
0.25573
0.24307
0.24120
0.23640
0.23467
0.23840
0.23627
0.23613
0.23280
0.24533
0.24667
0.24147
0.23520
0.23973
0.23800
0.23613
0.24067
0.23480
0.23653
0.24160
0.24427
0.24760
0.24560
0.24707
0.24320
0.24627
0.24013
0.23653
0.23947
0.24467
0.23333
0.23427
0.23960
0.24067
0.24320
0.24227
0.23827
0.24587
0.25000
0.24507
0.23800
0.23933
0.23720
0.24387
0.24013
0.24427
0.24893
0.25173
0.24760
0.24680
0.24147
0.25200
0.24413
0.24827
0.25280
0.24240
0.24973
0.24373
0.24387
0.23933
0.24147
0.24053
0.23813
0.24227
0.24387
0.23773
0.23893
0.24853
0.24307
0.24187
0.23640
0.24213
0.24400
0.24760
0.24453
0.23787
0.23573
0.25040
0.24787
0.24413
0.24040
0.24480
0.24080
0.23960
0.24120
0.24373
0.25040
0.24667
0.23747
0.24587
0.24453
0.24667
0.23933
0.23987
0.24653
0.24173
0.24027
0.24707
0.24093
0.24440
0.24773
0.23987
0.23653
0.24000
0.25253
0.24080
0.25480
0.23520
0.24387
0.24573
0.25347
0.24013
0.24240
0.25133
0.24800
0.23800
0.24347
0.24027
0.24240
0.23427
0.24040
0.24493
0.23667
0.23493
0.23547
0.24560
0.24147
0.25147
0.23880
0.24080
0.25160
0.24107
0.23907
0.24960
0.23573
0.24307
0.24467
0.24400
0.24613
0.24107
0.24600
0.25027
0.24893
0.24120
0.23987
0.23293
0.24067
0.23947
0.24280
0.23667
0.23907
0.24040
0.24347
0.23893
0.23747
0.24200
0.24813
0.23813
0.23987
0.24373
0.24440
0.24507
0.24747
0.25533
0.24493
0.24613
0.24707
0.24347
0.24627
0.24320
0.24360
0.24040
0.24680
0.24160
0.24280
0.25000
0.25373
0.24533
0.24320
0.24747
0.24667
0.24693
0.24360
0.24667
0.24480
0.24840
0.24360
0.24293
0.25053
0.24973
0.24867
0.25693
0.24467
0.24453
0.23747
0.25120
0.25107
0.23853
0.24320
0.24267
0.24120
0.24640
0.24733
0.24707
0.24480
0.24560
0.24947
0.24547
0.25227
0.24787
0.24453
0.23760
0.24693
0.24867
0.24320
0.24760
0.24733
0.24093
0.24733
0.24640
0.24200
0.24613
0.24453
0.24173
0.24893
0.24280
0.23947
0.24600
0.24920
0.24587
0.24773
0.25013
0.24627
0.24427
0.23760
0.24347
0.24880
0.24253
0.24213
0.24800
0.24387
0.24307
0.24627
0.23800
0.24813
0.25680
0.24440
0.25320
0.24187
0.25227
0.24707
0.24200
0.25360
0.25107
0.24973
