0.84880
0.84880
0.83000
0.81493
0.80160
0.79587
0.78773
0.77533
0.77360
0.77467
0.77120
0.77707
0.77347
0.77160
0.76907
0.76920
0.77173
0.77080
0.77293
0.77760
0.77720
0.78413
0.78653
0.79027
0.79227
0.79227
0.78907
0.78707
0.79147
0.79680
0.79427
0.80080
0.80307
0.79493
0.79827
0.79800
0.79893
0.80733
0.80880
0.80280
0.80640
0.79720
0.79960
0.80347
0.80520
0.80680
0.81053
0.80293
0.80613
0.80947
0.80693
0.81467
0.81613
0.81440
0.81800
0.81440
0.81533
0.81413
0.81827
0.81840
0.81813
0.81587
0.81933
0.82107
0.82107
0.82453
0.82573
0.82067
0.82573
0.82093
0.82067
0.82013
0.81560
0.82293
0.81973
0.81747
0.82267
0.81720
0.81893
0.81933
0.82200
0.82027
0.82333
0.83107
0.82947
0.82800
0.82613
0.82773
0.82747
0.82467
0.82933
0.82427
0.82347
0.82693
0.82400
0.82493
0.82933
0.82400
0.82653
0.82213
0.82560
0.82853
0.82293
0.82547
0.82920
0.82413
0.82520
0.82320
0.82800
0.83453
0.83413
0.83493
0.83880
0.82907
0.82867
0.81893
0.82453
0.81813
0.81520
0.81800
0.81813
0.81640
0.81893
0.82453
0.82680
0.82200
0.81853
0.82360
0.82213
0.82240
0.82467
0.82520
0.82533
0.82800
0.82733
0.82680
0.82080
0.82867
0.82667
0.82027
0.82227
0.81907
0.82160
0.81440
0.81907
0.81240
0.80840
0.81307
0.80867
0.81080
0.81253
0.81173
0.81667
0.81293
0.81307
0.81213
0.80880
0.81267
0.81547
0.81253
0.81893
0.81413
0.81760
0.82027
0.81947
0.81427
0.81253
0.82187
0.81867
0.82507
0.82253
0.81827
0.82173
0.81773
0.82427
0.82787
0.83040
0.83280
0.82307
0.82253
0.82707
0.82227
0.81960
0.82053
0.82080
0.82627
0.82600
0.83240
0.83427
0.82893
0.82307
0.83227
0.83120
0.83773
0.83680
0.83427
0.83173
0.82907
0.82653
0.82907
0.83147
0.83360
0.83027
0.83560
0.83573
0.83187
0.83973
0.84453
0.84107
0.83253
0.82720
0.82573
0.82947
0.83453
0.83093
0.83600
0.84080
0.84133
0.84107
0.83827
0.83653
0.83653
0.83480
0.83293
0.83573
0.83707
0.83373
0.83253
0.83093
0.82253
0.82013
0.82973
0.83360
0.83080
0.82400
0.82760
0.82880
0.82920
0.82280
0.82133
0.81827
0.82227
0.81680
0.81973
0.82053
0.82240
0.82507
0.83147
0.82933
0.83213
0.83187
0.83133
0.83000
0.82680
0.83147
0.82387
0.82067
0.81933
0.82000
0.82893
0.83547
0.83080
0.83200
0.83120
0.83733
0.83387
0.82560
0.83133
0.82920
0.82840
0.83267
0.83493
0.82680
0.82413
0.82653
0.83307
0.82920
0.83253
0.82760
0.82507
0.82480
0.82160
0.82493
0.83133
0.82800
0.82720
0.83000
0.83107
0.82907
0.83133
0.83200
0.83027
0.83187
0.83573
0.82347
0.83080
0.82720
0.82093
0.82707
0.82813
0.82787
0.82427
0.83147
0.83213
0.82960
0.83387
0.83987
0.83920
0.83733
0.83747
0.83787
0.83573
0.82973
0.83827
0.83253
0.83067
0.83853
0.83213
0.83093
0.83280
0.83480
0.83147
0.83893
0.84267
0.83933
0.84560
0.84360
0.83827
0.82907
0.84120
0.84933
0.84453
0.84253
0.84493
0.83947
0.83493
0.83587
0.83467
0.83213
0.83573
0.83613
0.83307
0.83827
0.83813
0.83467
0.82427
0.82520
0.83280
0.83147
0.83373
0.83640
0.83053
0.82880
0.82680
0.83120
0.82373
0.82560
0.81933
0.82027
0.82880
0.83360
0.83000
0.82933
0.83853
0.83640
0.83533
0.84253
0.84227
0.84600
0.83613
0.83267
0.83133
0.82680
0.82587
0.82933
0.82693
0.82853
0.83240
0.82587
0.82493
0.82307
0.83013
0.82453
0.82280
0.82613
0.82773
0.83027
0.83387
0.83453
0.84413
0.84040
0.84373
0.83547
0.83907
0.82680
0.82667
0.82160
0.82667
0.82040
0.82120
0.81093
0.81533
0.82267
0.80987
0.81880
0.82013
0.83147
0.83027
0.84067
0.82960
0.83013
0.82787
0.83200
0.83373
0.83053
0.83200
0.82907
0.82627
0.81893
0.81547
0.81720
0.81920
0.82413
0.82507
0.81680
0.81813
0.81840
0.82187
0.82947
0.82467
0.82147
0.82307
0.82400
0.83080
0.83027
0.82253
0.82533
0.82320
0.82160
0.81773
0.81960
0.82120
0.81560
0.81507
0.82640
0.82427
0.82773
0.82227
0.82413
0.82333
0.83187
0.82680
0.82387
0.82733
0.82880
0.82653
0.82853
0.83267
0.82720
0.82773
0.83160
0.82427
0.82520
0.82427
0.82347
0.82267
0.82133
0.81960
0.82213
0.82627
0.82467
0.82627
0.83107
0.83280
0.82947
0.83013
0.82533
0.82027
0.82133
0.81827
0.81640
0.81453
0.80960
0.81467
0.80787
0.80413
0.80760
0.81080
0.81040
0.81693
0.81853
0.81533
0.81293
0.80813
0.81147
0.81200
0.81360
0.81653
0.81253
0.80960
0.81133
0.80893
0.81893
0.81467
0.81707
0.81760
0.81373
0.80880
0.80600
0.81147
0.81267
0.81213
0.80720
0.80280
0.80280
0.80653
0.80707
0.81093
0.81453
0.81413
0.80733
0.81173
0.81533
0.80467
0.80667
0.80747
0.80453
0.80560
0.79840
0.79960
0.80893
0.80840
0.81160
0.81013
0.80707
0.80453
0.80213
0.80560
0.80920
0.80640
0.80960
0.80867
0.80600
0.80493
0.80613
0.80427
0.79933
0.79320
0.79133
0.79787
0.80187
0.80387
0.79840
0.80360
0.80893
0.80867
0.80307
0.81093
0.80187
0.79693
0.79280
0.79293
0.79387
0.79613
0.79733
0.79520
0.79480
0.79387
0.79160
0.78587
0.78587
0.79827
0.79840
0.79093
0.79387
0.79827
0.80173
0.79880
0.80173
0.79667
0.80093
0.80760
0.80040
0.80280
0.80400
0.80707
0.79427
0.80053
0.79707
0.79693
0.79427
0.78973
0.79107
0.79200
0.79547
0.79893
0.80080
0.79773
0.79947
0.79827
0.80133
0.80320
0.80493
0.80880
0.80627
0.80800
0.81707
0.81893
0.81507
0.81413
0.81507
0.81013
0.80560
0.81027
0.81053
0.80573
0.81240
0.80947
0.79840
0.79533
0.79600
0.79720
0.79733
0.80360
0.80880
0.81320
0.80947
0.80867
0.81227
0.81480
0.80973
0.80213
0.81173
0.80160
0.80200
0.80853
0.81227
0.80693
0.81267
0.81413
0.81067
0.81667
0.81187
0.81320
0.80867
0.81160
0.80680
0.80213
0.80667
0.80587
0.80973
0.81067
0.81280
0.80747
0.82173
0.81560
0.82120
0.81147
0.81387
0.81587
0.81600
0.82240
0.81680
0.81813
0.82213
0.82027
0.82440
0.81933
0.81933
0.82773
0.82307
0.82120
0.81613
0.81680
0.81893
0.82053
0.81933
0.81680
0.81960
0.82000
0.81507
0.81827
0.81587
0.82787
0.82320
0.82867
0.82427
0.82013
0.82773
0.82520
0.81747
0.81813
0.82200
0.81947
0.82000
0.82520
0.82560
0.82853
0.82240
0.82053
0.82093
0.82280
0.81867
0.81640
0.81560
0.81507
0.81373
0.82133
0.82053
0.82093
0.82213
0.81667
0.81600
0.81720
0.81627
0.81680
0.80640
0.80747
0.81440
0.81373
0.81733
0.82147
0.81720
0.81747
0.81627
0.82173
0.82493
0.81933
0.82120
0.81880
0.82693
0.82973
0.83173
0.82400
0.82173
0.82213
0.82400
0.82773
0.82520
0.82573
0.81760
0.81787
0.82160
0.82600
0.82680
0.83400
0.82787
0.82387
0.81987
0.81653
0.81893
0.81733
0.81147
0.81560
0.81480
0.81893
0.81453
0.81053
0.81773
0.81707
0.81760
0.81813
0.82000
0.81653
0.81613
0.81707
0.82187
0.81680
0.81613
0.81227
0.81773
0.81480
0.81427
0.81613
0.81053
0.81293
0.81453
0.81880
0.81827
0.82560
0.82320
0.82600
0.82760
0.82467
0.81947
0.81000
0.81160
0.81733
0.82053
0.82200
0.82280
0.81640
0.81653
0.81867
0.81187
0.80707
0.80707
0.80773
0.80400
0.81240
0.80987
0.81400
0.80973
0.80680
0.81520
0.81493
0.82267
0.82413
0.82427
0.82400
0.82520
0.82080
0.81800
0.81880
0.82147
0.82160
0.81907
0.81320
0.80813
0.81760
0.80653
0.80907
0.80813
0.80640
0.80920
0.80987
0.80880
0.80867
0.80707
0.81320
0.81133
0.80880
0.80920
0.80680
0.81880
0.81480
0.81040
0.80893
0.81227
0.81120
0.81387
0.81467
0.82067
0.81827
0.81867
0.81440
0.80693
0.81413
0.81387
0.80773
0.80867
0.80933
0.81600
0.81413
0.81893
0.81293
0.80427
0.81213
0.81240
0.81400
0.80853
0.80760
0.80880
0.81227
0.81240
0.81400
0.80827
0.80013
0.79667
0.79813
0.80267
0.79787
0.80600
0.80640
0.80733
0.80733
0.80640
0.80680
0.80427
0.79987
0.80667
0.80827
0.81320
0.81533
0.81387
0.81373
0.81493
0.81840
0.81240
0.81907
0.81907
0.81707
0.81387
0.81413
0.81227
0.79893
0.79520
0.80360
0.80440
0.80467
0.81000
0.82080
0.81187
0.80747
0.80120
0.80560
0.80947
0.81227
0.81160
0.81160
0.81507
0.80827
0.81133
0.81187
0.81533
0.81800
0.81733
0.82147
0.81600
0.81227
0.80853
0.80867
0.81360
0.81547
0.81560
0.81347
0.81600
0.82387
0.81507
0.81707
0.80733
0.80147
0.80093
0.79773
0.80187
0.80613
0.80640
0.80467
0.80453
0.80973
0.81027
0.81000
0.81027
0.80573
0.81227
0.81173
0.81640
0.81613
0.81107
0.81240
0.81747
0.81773
0.82053
0.82107
0.81680
0.81133
0.81613
0.82320
0.82693
0.82040
0.81667
0.81587
0.81040
0.81533
0.81213
0.81413
0.81107
0.81173
0.80613
0.81027
0.81480
0.81347
0.81587
0.81800
0.82107
0.80773
0.80640
0.80933
0.80893
0.81293
0.80107
0.80267
0.79920
0.80040
0.79667
0.80560
0.80293
0.80333
0.80320
0.79787
0.79507
0.79533
0.79507
0.79507
0.79853
0.80093
0.80347
0.80000
0.80067
0.79680
0.79613
0.79573
0.78827
0.79147
0.80320
0.80280
0.79160
0.78787
0.80547
0.80987
0.80400
0.80013
0.79747
0.80267
0.80453
0.80240
0.80573
0.79920
0.79880
0.79360
0.80053
0.80933
0.80787
0.80507
0.79920
0.79947
0.79707
0.80347
0.79800
0.79467
0.79347
0.79640
0.79573
0.80027
0.81027
0.80840
0.80280
0.80307
0.80893
0.80960
0.80440
0.80107
0.80720
0.80827
0.80560
0.80733
0.80760
0.80307
0.80387
0.80347
0.80400
0.80560
0.80800
0.79747
0.79933
0.79600
0.78467
0.79453
0.79933
0.79480
0.79960
0.80627
0.80427
0.81000
0.80453
0.80653
0.80560
0.79933
0.79880
0.80587
0.80453
0.79787
0.80573
0.80707
0.81120
0.81013
0.80853
0.80520
0.81293
0.80453
0.80387
0.80347
0.80947
0.80333
0.80187
0.79973
0.79733
0.79360
0.79213
0.80440
0.79973
0.80280
0.80040
0.80840
0.80413
0.79720
0.79733
0.80520
0.80840
0.80987
0.80533
0.80893
0.81053
0.80573
0.80747
0.80707
0.80360
0.80773
0.79907
0.80587
0.80040
0.80333
0.81280
0.81133
0.80733
0.80173
0.79947
0.79747
0.80000
0.80453
0.81187
0.80707
0.80653
0.80440
0.80320
0.80240
0.80053
0.80147
0.79907
0.79627
0.79853
0.79627
0.80013
0.79653
0.79987
0.80240
0.80800
0.80960
0.81053
0.81400
0.81160
0.80960
0.80600
0.81547
0.81387
0.80840
0.81720
0.81107
0.81387
0.81800
0.81787
0.81960
0.81867
0.81933
0.82000
0.81600
0.81693
0.82080
0.81387
0.81667
0.81840
0.82213
0.82640
0.82040
0.82387
0.83040
0.82973
0.82120
0.82440
0.82787
0.82427
0.82560
0.82200
0.81587
0.81827
0.82213
0.82333
0.82320
0.82360
0.82493
0.82200
0.82107
0.81813
0.81467
0.81267
0.81573
0.81307
0.80707
0.81200
0.81440
0.81453
0.81387
0.81613
0.80760
0.81413
0.80720
0.81600
0.81867
0.81827
0.80853
0.81653
0.81173
0.81627
0.81293
0.80640
0.79920
0.80960
0.80533
0.80707
0.79720
0.80440
0.80773
0.80600
0.81080
0.80680
0.81720
0.81187
0.81160
0.81160
0.80960
0.81013
0.81173
0.81067
0.80987
0.80920
0.82133
0.82120
0.81973
0.81507
0.81933
0.81653
0.80760
0.80693
0.81800
0.82120
0.82267
0.82800
0.82200
0.82027
0.82507
0.82573
0.82267
0.81587
0.81853
0.81907
0.81960
0.81213
0.81947
0.81027
0.81480
0.81067
0.81080
0.81413
0.80987
0.81800
0.81293
0.81533
0.81600
0.81707
0.81827
0.82067
0.81173
0.81400
0.81320
0.81853
0.81733
0.80613
0.80440
0.81453
0.80560
0.80653
0.81307
0.81573
0.81973
0.80733
0.81667
0.81720
0.82067
0.81813
0.81507
0.81027
0.81240
0.81640
0.81227
0.81053
0.80173
0.80040
0.80853
0.80853
0.80347
0.80880
0.81080
0.80680
0.80707
0.80960
0.79987
0.79947
0.80107
0.80053
0.79933
0.79787
0.80533
0.80227
0.80640
0.81267
0.81240
0.81467
0.81707
0.81493
0.81800
0.81467
0.80853
0.80520
0.80253
0.79853
0.79547
0.79707
0.79640
0.80213
0.80280
0.80613
0.81107
0.81147
0.80853
0.80827
0.80507
0.80573
0.80213
0.80467
0.80893
0.80133
0.80653
0.80573
0.80893
0.80440
0.80280
0.80093
0.80973
0.80493
0.80840
0.80400
0.80133
0.80453
0.81640
0.80813
0.81040
0.81040
0.81067
0.81253
0.81227
0.81333
0.81573
0.81880
0.81880
0.82107
0.81333
0.81333
0.81680
0.81293
0.81267
0.80533
0.80720
0.80453
0.81413
0.80600
0.80467
0.80533
0.80333
0.79907
0.79640
0.79587
0.79280
0.80360
0.80453
0.80560
0.80373
0.80040
0.80587
0.80507
0.79987
0.79547
0.79387
0.79147
0.79467
0.78520
0.78773
0.79707
0.79187
0.78853
0.79240
0.79440
0.79173
0.78867
0.79253
0.80440
0.80053
0.80027
0.79893
0.79987
0.79907
0.80320
0.80347
0.80067
0.80267
0.80613
0.81440
0.80227
0.80187
0.80453
0.80867
0.80773
0.80627
0.80733
0.81267
